415
79
128
158
111
190
1085
1724
2950
0
1503
1104
65
129
205
301
993
440
93
14
594
2247
901
187
5310
1951
121
108
99
50
1281
41
237
1391
993
1236
1164
1200
65
76
605
482
253
1223
74
431
2246
15
113
5
440
81
455
56
1208
110
188
56157
32
94
480
156
1913
850
72
5413
1085
20355
14
135
1818
1085
933
48
49
139
617
471
163
165
102
1551
443
123
57
126
1844
588
1693
220
554
118
350
1698
595
284
1130
1299
755
48
581
81
495
590
158
901
168
946
220
554
197
55
700
314
5766
73
728
351
63
93
12794
424
59
103
48
158
238
791
156
1736
37
110
1
488
32
21
279
55
1245
75
439
37
1299
94
5
565
728
225
4241
2027
201
4339
15
133
91
1736
2511
651
2138
1690
31
53
2969
1238
207
1
161
206
519
11
599
503722
1468
11242
1033
81
14
791
369
837
1033
226
8
939
430
804
10894
1059
172
501
2247
1398
173
2930
10
312
129
258
837
626
178
9605
205
1275
724
242
483
21
1863
25
7190
129
330
177
27
133
1986
44404
78
3
12667
722
83
738
28604
187
3
1
26
1327
606
11
94
148
5
1724
254
1809
9
3
85
222
22
16
1079
289
248
958
70
301
